           1           1  0.99999999999999889     
           1           2  0.21447601423931298     
           1           3  0.18381686689970192     
           1           4  -6.6078734281202478E-017
           1           5  -2.0287346474581427E-016
           1           6  -4.2770420451837543E-016
           1           7  -1.0059871501360423E-016
           1           8  -3.9687712406160299E-016
           1           9   2.9761010821548195E-016
           1          10   6.3607779211567513E-017
           1          11  -3.1538102197277716E-016
           1          12  -4.2825985813177425E-017
           1          13   3.3348703572938510E-016
           1          14  -4.5457886586885987E-016
           1          15   8.3439738860006177E-002
           1          16   7.4353444627342960E-002
           1          17   2.5436568812636090E-016
           1          18  -4.0533656948382092E-016
           1          19 -0.18041649942964172     
           1          20   6.3385197836546961E-002
           1          21   6.9272018293252149E-002
           1          22 -0.13306250081728715     
           1          23  -2.3329411661624400E-016
           1          24   3.4412302529720822E-002
           2           1  0.21447601423931298     
           2           2  0.99999999999999734     
           2           3  0.79210940199359303     
           2           4  -3.1712913545201005E-016
           2           5  -3.7721649236960729E-017
           2           6  -1.9899446673798948E-015
           2           7  -2.8362728832220796E-016
           2           8  -1.4252340689049803E-016
           2           9   4.4408920985006262E-016
           2          10   2.9422543632862960E-017
           2          11  -2.8089966049198449E-017
           2          12  -2.2030988144905450E-016
           2          13   9.8835870043778584E-016
           2          14  -3.7209818559702512E-016
           2          15  0.44017965308826612     
           2          16  0.40132194549938960     
           2          17   3.6784269207001952E-016
           2          18  -1.2583388385027941E-016
           2          19 -0.57679312412951278     
           2          20  0.35927685328673437     
           2          21  0.37651913023790978     
           2          22 -0.49728328018444090     
           2          23  -1.3621818549020921E-016
           2          24  0.12860620066187461     
           3           1  0.18381686689970192     
           3           2  0.79210940199359303     
           3           3  0.99999999999999933     
           3           4  -9.6334751157126086E-016
           3           5   1.9827395548184338E-016
           3           6  -1.2579184655719944E-015
           3           7  -8.7998591703428164E-016
           3           8   1.5064638039511208E-016
           3           9   2.1234912699757968E-015
           3          10   1.4182698701721666E-016
           3          11   7.8151055979549496E-017
           3          12  -1.0449540538415292E-015
           3          13  -6.1420053071303826E-017
           3          14   1.9358429789728682E-016
           3          15  0.61601083158170900     
           3          16  0.71477028829561429     
           3          17  -7.8013767321194472E-016
           3          18   6.9523729952263377E-017
           3          19 -0.40337964902792040     
           3          20  0.55068180265844002     
           3          21  0.67908418375328550     
           3          22 -0.38879771287522796     
           3          23   7.2470114728403228E-017
           3          24  0.10054992530688678     
           4           1  -6.6078734281202478E-017
           4           2  -3.1712913545201005E-016
           4           3  -9.6334751157126086E-016
           4           4   1.0000000000000024     
           4           5  -4.5510058804453898E-016
           4           6   3.2504381131115423E-016
           4           7  0.50127148324600146     
           4           8  -7.3054898407398635E-016
           4           9   5.2442859083123849E-016
           4          10  -8.9451932992337509E-017
           4          11   8.1060074268446848E-017
           4          12   3.4781205693334982E-016
           4          13  -7.0082828429463007E-016
           4          14   1.2403272853234171E-016
           4          15  -4.7347108872441979E-016
           4          16  -3.4633483147333832E-017
           4          17  0.32584735955570765     
           4          18  -4.5816168555399258E-016
           4          19   6.7871055997592578E-017
           4          20  0.30877194492031540     
           4          21   9.9676641571034563E-002
           4          22 -0.32718541702212722     
           4          23  -6.1767826208104951E-016
           4          24  0.14918717307082785     
           5           1  -2.0287346474581427E-016
           5           2  -3.7721649236960729E-017
           5           3   1.9827395548184338E-016
           5           4  -4.5510058804453898E-016
           5           5   1.0000000000000040     
           5           6   3.5694587563512411E-016
           5           7   2.9158861003710242E-016
           5           8  0.50127148324600390     
           5           9  -2.0458526354279296E-016
           5          10   1.7211438345200202E-015
           5          11   2.5871231941977891E-015
           5          12  -1.5540485742916545E-016
           5          13   4.5411354587054030E-017
           5          14  -7.6271589498797682E-017
           5          15  -9.9565434446769670E-017
           5          16   2.2565898565754474E-017
           5          17   5.9275226615221300E-016
           5          18  0.32584735955571187     
           5          19   2.5358649919645374E-017
           5          20   3.8644774087501498E-016
           5          21  -2.2998683898694659E-016
           5          22  -1.4261013035686346E-016
           5          23  0.24967857868176802     
           5          24   6.9984967161692167E-017
           6           1  -4.2770420451837543E-016
           6           2  -1.9899446673798948E-015
           6           3  -1.2579184655719944E-015
           6           4   3.2504381131115423E-016
           6           5   3.5694587563512411E-016
           6           6   1.0000000000000031     
           6           7  -3.2547749218014843E-016
           6           8   6.0185967556017559E-016
           6           9  0.50127148324600357     
           6          10   2.3771796812631002E-016
           6          11  -9.6230338900496247E-017
           6          12   1.1449174941446927E-015
           6          13  -3.3133218391157016E-016
           6          14   1.4172690798730514E-015
           6          15  0.36053415824847312     
           6          16   9.7304057089987933E-002
           6          17   7.0006934277389021E-016
           6          18   1.7719538394727286E-016
           6          19 -0.30734901633240436     
           6          20  -7.9853854512164368E-002
           6          21  -2.5778132259811817E-002
           6          22  0.14918717307082771     
           6          23   1.2204307640807821E-016
           6          24  0.21109615236530482     
           7           1  -1.0059871501360423E-016
           7           2  -2.8362728832220796E-016
           7           3  -8.7998591703428164E-016
           7           4  0.50127148324600146     
           7           5   2.9158861003710242E-016
           7           6  -3.2547749218014843E-016
           7           7   1.0000000000000031     
           7           8   3.6855331404106250E-016
           7           9   2.2768245622195593E-017
           7          10  -1.2005411489919708E-016
           7          11  -2.1281792427657802E-017
           7          12  -1.4051260155412137E-016
           7          13  -1.8279648628105605E-015
           7          14   1.4298458250738832E-015
           7          15  -1.2716607281082482E-015
           7          16  -9.8818929384833498E-016
           7          17  0.49062519442746338     
           7          18   2.3165030128107113E-016
           7          19   4.0787685728904677E-016
           7          20  0.60738889326790246     
           7          21  0.36277296710325990     
           7          22  -1.0231451317876641E-002
           7          23   1.8805603377868956E-016
           7          24  0.11544608814856379     
           8           1  -3.9687712406160299E-016
           8           2  -1.4252340689049803E-016
           8           3   1.5064638039511208E-016
           8           4  -7.3054898407398635E-016
           8           5  0.50127148324600390     
           8           6   6.0185967556017559E-016
           8           7   3.6855331404106250E-016
           8           8  0.99999999999999867     
           8           9  -2.9190992288788849E-016
           8          10   1.9270609342192388E-015
           8          11   3.4746511152572041E-015
           8          12  -3.5559766885205289E-016
           8          13  -3.0163719168705125E-016
           8          14  -2.2044355440321513E-016
           8          15  -4.6221594901144900E-016
           8          16  -1.0529712440514453E-016
           8          17   5.3461865098904091E-016
           8          18  0.49062519442746516     
           8          19  -1.1387556447468589E-016
           8          20   5.8496811090452612E-016
           8          21  -3.3303678963352063E-016
           8          22   1.2315361609022922E-016
           8          23  0.43616544948100971     
           8          24  -3.3448218622385485E-017
           9           1   2.9761010821548195E-016
           9           2   4.4408920985006262E-016
           9           3   2.1234912699757968E-015
           9           4   5.2442859083123849E-016
           9           5  -2.0458526354279296E-016
           9           6  0.50127148324600357     
           9           7   2.2768245622195593E-017
           9           8  -2.9190992288788849E-016
           9           9  0.99999999999999944     
           9          10  -7.9095241475526569E-017
           9          11  -1.7306775317609352E-016
           9          12   4.8572257327350599E-017
           9          13  -1.4814538484841933E-015
           9          14   1.9897278269453977E-015
           9          15  0.61860594055954365     
           9          16  0.34883480624916202     
           9          17   2.1261204602440742E-016
           9          18  -2.6224206439662526E-016
           9          19   7.0359565532748372E-002
           9          20 -0.15708144834154117     
           9          21  -9.3819468421862659E-002
           9          22  0.11544608814856352     
           9          23  -3.8993149431918083E-017
           9          24  0.40630906104069014     
          10           1   6.3607779211567513E-017
          10           2   2.9422543632862960E-017
          10           3   1.4182698701721666E-016
          10           4  -8.9451932992337509E-017
          10           5   1.7211438345200202E-015
          10           6   2.3771796812631002E-016
          10           7  -1.2005411489919708E-016
          10           8   1.9270609342192388E-015
          10           9  -7.9095241475526569E-017
          10          10   1.0000000000000009     
          10          11  -1.1657342769164403E-015
          10          12   7.6164960459881387E-017
          10          13   3.8698582683423844E-017
          10          14  -2.9486806251998969E-017
          10          15   1.7632289238068434E-016
          10          16   1.6685610085974758E-016
          10          17  -1.2537284349859988E-017
          10          18   3.9551693827335020E-016
          10          19   1.9532765727840502E-016
          10          20  -1.2888176118652994E-016
          10          21   6.8799027315252357E-017
          10          22  -4.9351371458728901E-017
          10          23  0.35908233434683406     
          10          24   3.8395895117071635E-017
          11           1  -3.1538102197277716E-016
          11           2  -2.8089966049198449E-017
          11           3   7.8151055979549496E-017
          11           4   8.1060074268446848E-017
          11           5   2.5871231941977891E-015
          11           6  -9.6230338900496247E-017
          11           7  -2.1281792427657802E-017
          11           8   3.4746511152572041E-015
          11           9  -1.7306775317609352E-016
          11          10  -1.1657342769164403E-015
          11          11  0.99999999999999867     
          11          12   1.4038816018430891E-016
          11          13   2.1361729527004859E-016
          11          14   2.6847975657328054E-016
          11          15  -1.0147641128380652E-016
          11          16  -1.2835476536825224E-016
          11          17   4.6903425159991846E-017
          11          18  0.42839708892096628     
          11          19   1.4845318644998600E-016
          11          20   1.5568299438262686E-016
          11          21  -6.1619615443622314E-017
          11          22  -8.6545216675041085E-017
          11          23  -9.2865005893651750E-002
          11          24  -5.1121698117981032E-017
          12           1  -4.2825985813177425E-017
          12           2  -2.2030988144905450E-016
          12           3  -1.0449540538415292E-015
          12           4   3.4781205693334982E-016
          12           5  -1.5540485742916545E-016
          12           6   1.1449174941446927E-015
          12           7  -1.4051260155412137E-016
          12           8  -3.5559766885205289E-016
          12           9   4.8572257327350599E-017
          12          10   7.6164960459881387E-017
          12          11   1.4038816018430891E-016
          12          12   1.0000000000000027     
          12          13  -1.0269562977782698E-015
          12          14   1.3877787807814457E-017
          12          15  0.26080026102845316     
          12          16   1.7903659604805236E-002
          12          17  -8.8904578143811364E-016
          12          18  -3.9728634345966276E-017
          12          19   1.6610916441254418E-002
          12          20 -0.10079597609564409     
          12          21  -8.6803556130277456E-003
          12          22   4.6341425641921105E-005
          12          23  -1.3210189280282316E-016
          12          24 -0.16085889316054347     
          13           1   3.3348703572938510E-016
          13           2   9.8835870043778584E-016
          13           3  -6.1420053071303826E-017
          13           4  -7.0082828429463007E-016
          13           5   4.5411354587054030E-017
          13           6  -3.3133218391157016E-016
          13           7  -1.8279648628105605E-015
          13           8  -3.0163719168705125E-016
          13           9  -1.4814538484841933E-015
          13          10   3.8698582683423844E-017
          13          11   2.1361729527004859E-016
          13          12  -1.0269562977782698E-015
          13          13   1.0000000000000069     
          13          14   2.1493223867352640E-015
          13          15  -1.7512033489985868E-015
          13          16  -1.6671776806309602E-015
          13          17  0.42839708892096334     
          13          18  -1.1074598171068630E-016
          13          19  -1.8214596497756474E-015
          13          20 -0.10424535145087559     
          13          21  -8.9774091848663657E-003
          13          22  0.12159384886847428     
          13          23  -4.6034369892896989E-016
          13          24  0.30361950338452154     
          14           1  -4.5457886586885987E-016
          14           2  -3.7209818559702512E-016
          14           3   1.9358429789728682E-016
          14           4   1.2403272853234171E-016
          14           5  -7.6271589498797682E-017
          14           6   1.4172690798730514E-015
          14           7   1.4298458250738832E-015
          14           8  -2.2044355440321513E-016
          14           9   1.9897278269453977E-015
          14          10  -2.9486806251998969E-017
          14          11   2.6847975657328054E-016
          14          12   1.3877787807814457E-017
          14          13   2.1493223867352640E-015
          14          14  0.99999999999999933     
          14          15   1.5005358067199381E-015
          14          16   2.0630198938054178E-015
          14          17   7.4354584989055894E-016
          14          18  -1.4952553777683683E-016
          14          19   7.9797279894933126E-016
          14          20  0.20154343276870920     
          14          21   1.7356532826692826E-002
          14          22  -5.5543096666015798E-002
          14          23   1.0677740951683552E-016
          14          24  0.10722942738106381     
          15           1   8.3439738860006177E-002
          15           2  0.44017965308826612     
          15           3  0.61601083158170900     
          15           4  -4.7347108872441979E-016
          15           5  -9.9565434446769670E-017
          15           6  0.36053415824847312     
          15           7  -1.2716607281082482E-015
          15           8  -4.6221594901144900E-016
          15           9  0.61860594055954365     
          15          10   1.7632289238068434E-016
          15          11  -1.0147641128380652E-016
          15          12  0.26080026102845316     
          15          13  -1.7512033489985868E-015
          15          14   1.5005358067199381E-015
          15          15   1.0000000000000033     
          15          16  0.68486025149275442     
          15          17  -8.7321642971982527E-016
          15          18  -4.9873283421336329E-016
          15          19   1.8544193958192068E-015
          15          20  0.20063503788445175     
          15          21  0.37738313037927773     
          15          22 -0.16597764582525307     
          15          23  -1.8047809118212983E-016
          15          24  0.19477014433220494     
          16           1   7.4353444627342960E-002
          16           2  0.40132194549938960     
          16           3  0.71477028829561429     
          16           4  -3.4633483147333832E-017
          16           5   2.2565898565754474E-017
          16           6   9.7304057089987933E-002
          16           7  -9.8818929384833498E-016
          16           8  -1.0529712440514453E-016
          16           9  0.34883480624916202     
          16          10   1.6685610085974758E-016
          16          11  -1.2835476536825224E-016
          16          12   1.7903659604805236E-002
          16          13  -1.6671776806309602E-015
          16          14   2.0630198938054178E-015
          16          15  0.68486025149275442     
          16          16   1.0000000000000053     
          16          17  -1.2850709537291782E-015
          16          18  -1.9172489852156954E-016
          16          19   1.9691008806138610E-015
          16          20  0.37738313037927951     
          16          21  0.68963766762857670     
          16          22 -0.12198987289069446     
          16          23   1.9576481862693136E-019
          16          24  0.14315171800305701     
          17           1   2.5436568812636090E-016
          17           2   3.6784269207001952E-016
          17           3  -7.8013767321194472E-016
          17           4  0.32584735955570765     
          17           5   5.9275226615221300E-016
          17           6   7.0006934277389021E-016
          17           7  0.49062519442746338     
          17           8   5.3461865098904091E-016
          17           9   2.1261204602440742E-016
          17          10  -1.2537284349859988E-017
          17          11   4.6903425159991846E-017
          17          12  -8.8904578143811364E-016
          17          13  0.42839708892096334     
          17          14   7.4354584989055894E-016
          17          15  -8.7321642971982527E-016
          17          16  -1.2850709537291782E-015
          17          17  0.99999999999999944     
          17          18   3.8346172603474393E-016
          17          19  -8.4307560932472825E-016
          17          20  0.16597764582525434     
          17          21  0.12198987289069346     
          17          22  -9.4273719603521558E-002
          17          23   4.8521171740725435E-016
          17          24  0.23880529948937462     
          18           1  -4.0533656948382092E-016
          18           2  -1.2583388385027941E-016
          18           3   6.9523729952263377E-017
          18           4  -4.5816168555399258E-016
          18           5  0.32584735955571187     
          18           6   1.7719538394727286E-016
          18           7   2.3165030128107113E-016
          18           8  0.49062519442746516     
          18           9  -2.6224206439662526E-016
          18          10   3.9551693827335020E-016
          18          11  0.42839708892096628     
          18          12  -3.9728634345966276E-017
          18          13  -1.1074598171068630E-016
          18          14  -1.4952553777683683E-016
          18          15  -4.9873283421336329E-016
          18          16  -1.9172489852156954E-016
          18          17   3.8346172603474393E-016
          18          18   1.0000000000000051     
          18          19   9.2963467754864790E-017
          18          20   3.9838925023022263E-016
          18          21  -4.0388376784511272E-016
          18          22  -2.2385825755805974E-017
          18          23  0.10922944848078497     
          18          24  -1.3149626988353154E-016
          19           1 -0.18041649942964172     
          19           2 -0.57679312412951278     
          19           3 -0.40337964902792040     
          19           4   6.7871055997592578E-017
          19           5   2.5358649919645374E-017
          19           6 -0.30734901633240436     
          19           7   4.0787685728904677E-016
          19           8  -1.1387556447468589E-016
          19           9   7.0359565532748372E-002
          19          10   1.9532765727840502E-016
          19          11   1.4845318644998600E-016
          19          12   1.6610916441254418E-002
          19          13  -1.8214596497756474E-015
          19          14   7.9797279894933126E-016
          19          15   1.8544193958192068E-015
          19          16   1.9691008806138610E-015
          19          17  -8.4307560932472825E-016
          19          18   9.2963467754864790E-017
          19          19   1.0000000000000024     
          19          20 -0.19477014433220213     
          19          21 -0.14315171800305379     
          19          22  0.23880529948937326     
          19          23   3.2649070562687638E-016
          19          24 -0.17100191892763417     
          20           1   6.3385197836546961E-002
          20           2  0.35927685328673437     
          20           3  0.55068180265844002     
          20           4  0.30877194492031540     
          20           5   3.8644774087501498E-016
          20           6  -7.9853854512164368E-002
          20           7  0.60738889326790246     
          20           8   5.8496811090452612E-016
          20           9 -0.15708144834154117     
          20          10  -1.2888176118652994E-016
          20          11   1.5568299438262686E-016
          20          12 -0.10079597609564409     
          20          13 -0.10424535145087559     
          20          14  0.20154343276870920     
          20          15  0.20063503788445175     
          20          16  0.37738313037927951     
          20          17  0.16597764582525434     
          20          18   3.9838925023022263E-016
          20          19 -0.19477014433220213     
          20          20   1.0000000000000031     
          20          21  0.68486025149275054     
          20          22   1.9188210048648457E-015
          20          23   4.7061245804844994E-017
          20          24   3.0953972024461152E-016
          21           1   6.9272018293252149E-002
          21           2  0.37651913023790978     
          21           3  0.67908418375328550     
          21           4   9.9676641571034563E-002
          21           5  -2.2998683898694659E-016
          21           6  -2.5778132259811817E-002
          21           7  0.36277296710325990     
          21           8  -3.3303678963352063E-016
          21           9  -9.3819468421862659E-002
          21          10   6.8799027315252357E-017
          21          11  -6.1619615443622314E-017
          21          12  -8.6803556130277456E-003
          21          13  -8.9774091848663657E-003
          21          14   1.7356532826692826E-002
          21          15  0.37738313037927773     
          21          16  0.68963766762857670     
          21          17  0.12198987289069346     
          21          18  -4.0388376784511272E-016
          21          19 -0.14315171800305379     
          21          20  0.68486025149275054     
          21          21  0.99999999999999634     
          21          22   2.2028955265832040E-016
          21          23  -1.6151307556441141E-016
          21          24  -5.2052885114207970E-016
          22           1 -0.13306250081728715     
          22           2 -0.49728328018444090     
          22           3 -0.38879771287522796     
          22           4 -0.32718541702212722     
          22           5  -1.4261013035686346E-016
          22           6  0.14918717307082771     
          22           7  -1.0231451317876641E-002
          22           8   1.2315361609022922E-016
          22           9  0.11544608814856352     
          22          10  -4.9351371458728901E-017
          22          11  -8.6545216675041085E-017
          22          12   4.6341425641921105E-005
          22          13  0.12159384886847428     
          22          14  -5.5543096666015798E-002
          22          15 -0.16597764582525307     
          22          16 -0.12198987289069446     
          22          17  -9.4273719603521558E-002
          22          18  -2.2385825755805974E-017
          22          19  0.23880529948937326     
          22          20   1.9188210048648457E-015
          22          21   2.2028955265832040E-016
          22          22  0.99999999999999656     
          22          23  -5.6983459820157620E-017
          22          24  -3.5182360497154619E-017
          23           1  -2.3329411661624400E-016
          23           2  -1.3621818549020921E-016
          23           3   7.2470114728403228E-017
          23           4  -6.1767826208104951E-016
          23           5  0.24967857868176802     
          23           6   1.2204307640807821E-016
          23           7   1.8805603377868956E-016
          23           8  0.43616544948100971     
          23           9  -3.8993149431918083E-017
          23          10  0.35908233434683406     
          23          11  -9.2865005893651750E-002
          23          12  -1.3210189280282316E-016
          23          13  -4.6034369892896989E-016
          23          14   1.0677740951683552E-016
          23          15  -1.8047809118212983E-016
          23          16   1.9576481862693136E-019
          23          17   4.8521171740725435E-016
          23          18  0.10922944848078497     
          23          19   3.2649070562687638E-016
          23          20   4.7061245804844994E-017
          23          21  -1.6151307556441141E-016
          23          22  -5.6983459820157620E-017
          23          23   1.0000000000000011     
          23          24   2.6720831744894942E-016
          24           1   3.4412302529720822E-002
          24           2  0.12860620066187461     
          24           3  0.10054992530688678     
          24           4  0.14918717307082785     
          24           5   6.9984967161692167E-017
          24           6  0.21109615236530482     
          24           7  0.11544608814856379     
          24           8  -3.3448218622385485E-017
          24           9  0.40630906104069014     
          24          10   3.8395895117071635E-017
          24          11  -5.1121698117981032E-017
          24          12 -0.16085889316054347     
          24          13  0.30361950338452154     
          24          14  0.10722942738106381     
          24          15  0.19477014433220494     
          24          16  0.14315171800305701     
          24          17  0.23880529948937462     
          24          18  -1.3149626988353154E-016
          24          19 -0.17100191892763417     
          24          20   3.0953972024461152E-016
          24          21  -5.2052885114207970E-016
          24          22  -3.5182360497154619E-017
          24          23   2.6720831744894942E-016
          24          24   1.0000000000000016     
